10011010110010011001111100110011011000110010111001011010011101101000110111100111111010000001101111111000010101001100001001111100
10000111110111000011110100100001010000010111010010000010000011100001000101010100101101001001101111000110110011011011001010101011
01011100110110110001100011101100010101000011110010101111001100101111101100111011101100001110110000101010010111000011100010001111
10110011111100011110101110110001100101010000111110011001101010001011101101011100111110011000100101100001101111101101100001110101
01100011011110010100101101011110110001010101101001110011000101001100010101100100011110110001110010101000000111100010001100011111
11110101011111011001101110111010000110010010001001101111101110110101110000010101010001110100100001010000111000111100110100110011
00000101011011001100101111111010011101110100111001011111101111000011010000111101010011010111100111100000001110000011001010011000
10101001010011101000001011111101010010010001010100110010010011111001111011100100111100001110001010101111101100111001010000110110
11001101101011110011001111000100000001101110010101000010000010011001101100101101110101110100110010001110111100110101101110101100
11000011100001101011101000100000101110010000101111101100111101000000010000000111101100101111101101101100100001010010001100100000
