01000110111000111111101111110010101010111011101011001101001010011110110001001010111111110101000101110011011010011100011001100111
11010100010111101110100101011000000101110000010101011101001001010101101010100011010110000011000110110111000011010011001001100110
10010110011010111101110011101010100101110111111000000001001111100110011111111100111000010100000110100001001111101110100101110000
10010100011111000011110000000101111001101101000100101001111110110011101010101010111110101111101101000011111111100001101000000010
10111101011001000100011101001000110100001100101100001011110010101110010100111010101000011110100100000000111101111110111100000101
00111011101011110001000000011011111100101010110011010100101010101101110000001001100111100001000100100100011001000111000000111011
11101000010011101100101010110101000100110001101110100100111110000010100111111000001000110111111100011100000110101110000100001011
11010011010111000000010000111011011100111011010101110000101111101010001001010101000110101010101000101011001000011000011010101100
01000100101010000001100000001110110101011011110000001010100110100100100001010100001010011000101010110010110101000111000000001000
11110110001100001100010001001010111011000001110000110010110111100100011101110110110101001010110100101101011111111000010010100011
