01010111011010011001010110000101100010100101100110111000101011011100101111110110001011101010010110010001011010111010100001011011
10011101000000000110011110010011101010001001111111010101110100000010111111100101110100110111111000101110100110100001010011000000
10001000000101011010101010101000011011000001111000011110100110000101010011011011101101100000111110011111011011000110111100101111
01001100101001100111000000110001110101001101011010000010010101101011100111100100001100010000111001110011001010011000010100000001
00010111011000101001011100001010111111000001100011110000110110011010111100101110101111010010101011111010000001111010011101110011
10011010000101000001100000110001101001010101110111010010001001101100011001000101010110001100100100101010001011011100011011010111
01110101001011011001001000100111101110011000101001011100010001100001111001000011110001010010000101100111111110111111110010110000
00000010010101011010010011010100001111001101010000101010000101010011101001001001011111010101001000100010010011111111000001101001
01001001111111100001011101101100110101001100011111101110101000101011110100110111100110010100010111000110110001101010110111101010
10111100000100011110101011011101110100001100100011110101010101001110000111111101001100011101001110010000100000011110110010110010
